0 0 500.000000
0 1 500.000000
0 2 500.000000
0 3 500.000000
0 4 500.000000
0 5 500.000000
0 6 500.000000
0 7 500.000000
0 8 500.000000
0 9 500.000000
0 10 500.000000
0 11 500.000000
0 12 500.000000
0 13 500.000000
0 14 500.000000
0 15 500.000000
0 16 500.000000
0 17 500.000000
0 18 500.000000
0 19 500.000000
0 20 500.000000
0 21 500.000000
0 22 500.000000
0 23 500.000000
0 24 500.000000
0 25 500.000000
0 26 500.000000
0 27 500.000000
0 28 500.000000
0 29 500.000000
0 30 500.000000
0 31 500.000000
0 32 500.000000
0 33 500.000000
0 34 500.000000
0 35 500.000000
0 36 500.000000
0 37 500.000000
0 38 500.000000
0 39 500.000000
0 40 500.000000
0 41 500.000000
0 42 500.000000
0 43 500.000000
0 44 500.000000
0 45 500.000000
0 46 500.000000
0 47 500.000000
0 48 500.000000
0 49 500.000000
0 50 500.000000
0 51 500.000000
0 52 500.000000
0 53 500.000000
0 54 500.000000
0 55 500.000000
0 56 500.000000
0 57 500.000000
0 58 500.000000
0 59 500.000000
0 60 500.000000
0 61 500.000000
0 62 500.000000
0 63 500.000000
0 64 500.000000
0 65 500.000000
0 66 500.000000
0 67 500.000000
0 68 500.000000
0 69 500.000000
0 70 500.000000
0 71 500.000000
0 72 500.000000
0 73 500.000000
0 74 500.000000
0 75 500.000000
0 76 500.000000
0 77 500.000000
0 78 500.000000
0 79 500.000000
0 80 500.000000
0 81 500.000000
0 82 500.000000
0 83 500.000000
0 84 500.000000
0 85 500.000000
0 86 500.000000
0 87 500.000000
0 88 500.000000
0 89 500.000000
0 90 500.000000
0 91 500.000000
0 92 500.000000
0 93 500.000000
0 94 500.000000
0 95 500.000000
0 96 500.000000
0 97 500.000000
0 98 500.000000
0 99 500.000000
1 0 500.000000
1 1 499.819221
1 2 499.638442
1 3 499.457665
1 4 499.276893
1 5 499.096132
1 6 498.915395
1 7 498.734697
1 8 498.554063
1 9 498.373524
1 10 498.193121
1 11 498.012903
1 12 497.832934
1 13 497.653285
1 14 497.474045
1 15 497.295313
1 16 497.117206
1 17 496.939856
1 18 496.763410
1 19 496.588033
1 20 496.413909
1 21 496.241239
1 22 496.070240
1 23 495.901151
1 24 495.734225
1 25 495.569735
1 26 495.407971
1 27 495.249236
1 28 495.093850
1 29 494.942146
1 30 494.794467
1 31 494.651166
1 32 494.512604
1 33 494.379146
1 34 494.251158
1 35 494.129008
1 36 494.013058
1 37 493.903663
1 38 493.801171
1 39 493.705914
1 40 493.618210
1 41 493.538358
1 42 493.466635
1 43 493.403296
1 44 493.348567
1 45 493.302647
1 46 493.265704
1 47 493.237876
1 48 493.219267
1 49 493.209944
1 50 493.209945
1 51 493.219268
1 52 493.237879
1 53 493.265708
1 54 493.302652
1 55 493.348573
1 56 493.403303
1 57 493.466644
1 58 493.538368
1 59 493.618221
1 60 493.705926
1 61 493.801184
1 62 493.903678
1 63 494.013074
1 64 494.129025
1 65 494.251176
1 66 494.379165
1 67 494.512624
1 68 494.651188
1 69 494.794489
1 70 494.942170
1 71 495.093875
1 72 495.249262
1 73 495.407998
1 74 495.569763
1 75 495.734254
1 76 495.901180
1 77 496.070270
1 78 496.241269
1 79 496.413940
1 80 496.588064
1 81 496.763441
1 82 496.939887
1 83 497.117237
1 84 497.295343
1 85 497.474074
1 86 497.653314
1 87 497.832962
1 88 498.012930
1 89 498.193146
1 90 498.373548
1 91 498.554085
1 92 498.734717
1 93 498.915412
1 94 499.096147
1 95 499.276905
1 96 499.457675
1 97 499.638449
1 98 499.819225
1 99 500.000000
2 0 500.000000
2 1 499.638442
2 2 499.276884
2 3 498.915326
2 4 498.553775
2 5 498.192243
2 6 497.830751
2 7 497.469332
2 8 497.108033
2 9 496.746915
2 10 496.386058
2 11 496.025562
2 12 495.665550
2 13 495.306166
2 14 494.947584
2 15 494.590006
2 16 494.233660
2 17 493.878811
2 18 493.525754
2 19 493.174819
2 20 492.826370
2 21 492.480810
2 22 492.138577
2 23 491.800143
2 24 491.466019
2 25 491.136751
2 26 490.812918
2 27 490.495129
2 28 490.184025
2 29 489.880272
2 30 489.584561
2 31 489.297599
2 32 489.020110
2 33 488.752827
2 34 488.496486
2 35 488.251823
2 36 488.019566
2 37 487.800431
2 38 487.595113
2 39 487.404281
2 40 487.228574
2 41 487.068593
2 42 486.924894
2 43 486.797988
2 44 486.688331
2 45 486.596322
2 46 486.522301
2 47 486.466541
2 48 486.429252
2 49 486.410573
2 50 486.410574
2 51 486.429255
2 52 486.466547
2 53 486.522309
2 54 486.596332
2 55 486.688343
2 56 486.798003
2 57 486.924911
2 58 487.068612
2 59 487.228596
2 60 487.404305
2 61 487.595139
2 62 487.800460
2 63 488.019597
2 64 488.251856
2 65 488.496522
2 66 488.752865
2 67 489.020151
2 68 489.297642
2 69 489.584606
2 70 489.880320
2 71 490.184075
2 72 490.495181
2 73 490.812971
2 74 491.136807
2 75 491.466076
2 76 491.800201
2 77 492.138636
2 78 492.480871
2 79 492.826432
2 80 493.174880
2 81 493.525816
2 82 493.878873
2 83 494.233722
2 84 494.590066
2 85 494.947644
2 86 495.306224
2 87 495.665605
2 88 496.025616
2 89 496.386109
2 90 496.746963
2 91 497.108077
2 92 497.469372
2 93 497.830786
2 94 498.192273
2 95 498.553800
2 96 498.915346
2 97 499.276898
2 98 499.638449
2 99 500.000000
3 0 500.000000
3 1 499.457665
3 2 498.915326
3 3 498.372983
3 4 497.830641
3 5 497.288316
3 6 496.746037
3 7 496.203852
3 8 495.661826
3 9 495.120050
3 10 494.578640
3 11 494.037744
3 12 493.497542
3 13 492.958251
3 14 492.420128
3 15 491.883471
3 16 491.348625
3 17 490.815983
3 18 490.285985
3 19 489.759125
3 20 489.235951
3 21 488.717065
3 22 488.203121
3 23 487.694834
3 24 487.192968
3 25 486.698343
3 26 486.211829
3 27 485.734346
3 28 485.266858
3 29 484.810368
3 30 484.365916
3 31 483.934570
3 32 483.517421
3 33 483.115576
3 34 482.730145
3 35 482.362241
3 36 482.012964
3 37 481.683393
3 38 481.374579
3 39 481.087535
3 40 480.823224
3 41 480.582555
3 42 480.366371
3 43 480.175442
3 44 480.010457
3 45 479.872021
3 46 479.760646
3 47 479.676747
3 48 479.620638
3 49 479.592531
3 50 479.592533
3 51 479.620643
3 52 479.676755
3 53 479.760658
3 54 479.872036
3 55 480.010476
3 56 480.175464
3 57 480.366396
3 58 480.582584
3 59 480.823256
3 60 481.087570
3 61 481.374618
3 62 481.683436
3 63 482.013010
3 64 482.362292
3 65 482.730199
3 66 483.115633
3 67 483.517482
3 68 483.934634
3 69 484.365984
3 70 484.810439
3 71 485.266932
3 72 485.734424
3 73 486.211909
3 74 486.698425
3 75 487.193053
3 76 487.694921
3 77 488.203210
3 78 488.717155
3 79 489.236043
3 80 489.759218
3 81 490.286077
3 82 490.816075
3 83 491.348717
3 84 491.883561
3 85 492.420216
3 86 492.958337
3 87 493.497625
3 88 494.037823
3 89 494.578716
3 90 495.120121
3 91 495.661891
3 92 496.203911
3 93 496.746090
3 94 497.288361
3 95 497.830679
3 96 498.373012
3 97 498.915347
3 98 499.457676
3 99 500.000000
4 0 500.000000
4 1 499.276893
4 2 498.553775
4 3 497.830641
4 4 497.107492
4 5 496.384345
4 6 495.661235
4 7 494.938217
4 8 494.215375
4 9 493.492824
4 10 492.770715
4 11 492.049238
4 12 491.328631
4 13 490.609176
4 14 489.891213
4 15 489.175135
4 16 488.461398
4 17 487.750520
4 18 487.043088
4 19 486.339758
4 20 485.641257
4 21 484.948387
4 22 484.262023
4 23 483.583116
4 24 482.912688
4 25 482.251836
4 26 481.601724
4 27 480.963583
4 28 480.338706
4 29 479.728440
4 30 479.134179
4 31 478.557358
4 32 477.999444
4 33 477.461924
4 34 476.946294
4 35 476.454049
4 36 475.986670
4 37 475.545612
4 38 475.132290
4 39 474.748069
4 40 474.394247
4 41 474.072048
4 42 473.782609
4 43 473.526966
4 44 473.306050
4 45 473.120675
4 46 472.971531
4 47 472.859177
4 48 472.784037
4 49 472.746397
4 50 472.746399
4 51 472.784044
4 52 472.859188
4 53 472.971546
4 54 473.120695
4 55 473.306074
4 56 473.526995
4 57 473.782642
4 58 474.072086
4 59 474.394290
4 60 474.748116
4 61 475.132342
4 62 475.545669
4 63 475.986732
4 64 476.454115
4 65 476.946365
4 66 477.462000
4 67 477.999525
4 68 478.557443
4 69 479.134268
4 70 479.728534
4 71 480.338805
4 72 480.963686
4 73 481.601830
4 74 482.251945
4 75 482.912801
4 76 483.583231
4 77 484.262141
4 78 484.948507
4 79 485.641378
4 80 486.339880
4 81 487.043210
4 82 487.750642
4 83 488.461519
4 84 489.175255
4 85 489.891331
4 86 490.609291
4 87 491.328741
4 88 492.049344
4 89 492.770815
4 90 493.492918
4 91 494.215462
4 92 494.938296
4 93 495.661305
4 94 496.384406
4 95 497.107542
4 96 497.830680
4 97 498.553802
4 98 499.276907
4 99 500.000000
5 0 500.000000
5 1 499.096132
5 2 498.192243
5 3 497.288316
5 4 496.384345
5 5 495.480344
5 6 494.576345
5 7 493.672412
5 8 492.768640
5 9 491.865164
5 10 490.962165
5 11 490.059874
5 12 489.158577
5 13 488.258622
5 14 487.360425
5 15 486.464471
5 16 485.571323
5 17 484.681624
5 18 483.796103
5 19 482.915575
5 20 482.040947
5 21 481.173219
5 22 480.313485
5 23 479.462934
5 24 478.622849
5 25 477.794605
5 26 476.979664
5 27 476.179574
5 28 475.395962
5 29 474.630524
5 30 473.885019
5 31 473.161258
5 32 472.461092
5 33 471.786400
5 34 471.139075
5 35 470.521008
5 36 469.934074
5 37 469.380114
5 38 468.860921
5 39 468.378223
5 40 467.933666
5 41 467.528801
5 42 467.165068
5 43 466.843782
5 44 466.566121
5 45 466.333117
5 46 466.145644
5 47 466.004412
5 48 465.909956
5 49 465.862639
5 50 465.862642
5 51 465.909964
5 52 466.004425
5 53 466.145663
5 54 466.333142
5 55 466.566151
5 56 466.843817
5 57 467.165109
5 58 467.528848
5 59 467.933719
5 60 468.378281
5 61 468.860985
5 62 469.380184
5 63 469.934150
5 64 470.521091
5 65 471.139164
5 66 471.786494
5 67 472.461192
5 68 473.161363
5 69 473.885130
5 70 474.630641
5 71 475.396084
5 72 476.179701
5 73 476.979796
5 74 477.794741
5 75 478.622989
5 76 479.463078
5 77 480.313631
5 78 481.173367
5 79 482.041097
5 80 482.915727
5 81 483.796255
5 82 484.681776
5 83 485.571474
5 84 486.464620
5 85 487.360571
5 86 488.258764
5 87 489.158714
5 88 490.060005
5 89 490.962290
5 90 491.865281
5 91 492.768748
5 92 493.672510
5 93 494.576433
5 94 495.480419
5 95 496.384408
5 96 497.288364
5 97 498.192276
5 98 499.096149
5 99 500.000000
6 0 500.000000
6 1 498.915395
6 2 497.830751
6 3 496.746037
6 4 495.661235
6 5 494.576345
6 6 493.491398
6 7 492.406454
6 8 491.321617
6 9 490.237037
6 10 489.152919
6 11 488.069526
6 12 486.987193
6 13 485.906324
6 14 484.827407
6 15 483.751015
6 16 482.677815
6 17 481.608568
6 18 480.544142
6 19 479.485509
6 20 478.433754
6 21 477.390075
6 22 476.355782
6 23 475.332306
6 24 474.321190
6 25 473.324091
6 26 472.342774
6 27 471.379109
6 28 470.435065
6 29 469.512697
6 30 468.614137
6 31 467.741584
6 32 466.897288
6 33 466.083533
6 34 465.302622
6 35 464.556858
6 36 463.848527
6 37 463.179871
6 38 462.553079
6 39 461.970258
6 40 461.433416
6 41 460.944446
6 42 460.505104
6 43 460.116996
6 44 459.781559
6 45 459.500052
6 46 459.273541
6 47 459.102892
6 48 458.988760
6 49 458.931585
6 50 458.931588
6 51 458.988769
6 52 459.102908
6 53 459.273564
6 54 459.500081
6 55 459.781594
6 56 460.117038
6 57 460.505153
6 58 460.944502
6 59 461.433479
6 60 461.970327
6 61 462.553156
6 62 463.179955
6 63 463.848617
6 64 464.556956
6 65 465.302726
6 66 466.083644
6 67 466.897406
6 68 467.741710
6 69 468.614269
6 70 469.512835
6 71 470.435210
6 72 471.379260
6 73 472.342930
6 74 473.324252
6 75 474.321357
6 76 475.332477
6 77 476.355957
6 78 477.390252
6 79 478.433934
6 80 479.485690
6 81 480.544323
6 82 481.608749
6 83 482.677994
6 84 483.751193
6 85 484.827581
6 86 485.906493
6 87 486.987356
6 88 488.069683
6 89 489.153067
6 90 490.237177
6 91 491.321746
6 92 492.406571
6 93 493.491502
6 94 494.576435
6 95 495.661309
6 96 496.746095
6 97 497.830791
6 98 498.915415
6 99 500.000000
7 0 500.000000
7 1 498.734697
7 2 497.469332
7 3 496.203852
7 4 494.938217
7 5 493.672412
7 6 492.406454
7 7 491.140398
7 8 489.874348
7 9 488.608461
7 10 487.342958
7 11 486.078134
7 12 484.814358
7 13 483.552089
7 14 482.291881
7 15 481.034387
7 16 479.780370
7 17 478.530710
7 18 477.286407
7 19 476.048587
7 20 474.818508
7 21 473.597565
7 22 472.387286
7 23 471.189342
7 24 470.005538
7 25 468.837818
7 26 467.688255
7 27 466.559049
7 28 465.452518
7 29 464.371086
7 30 463.317274
7 31 462.293680
7 32 461.302969
7 33 460.347847
7 34 459.431047
7 35 458.555304
7 36 457.723329
7 37 456.937793
7 38 456.201295
7 39 455.516341
7 40 454.885322
7 41 454.310490
7 42 453.793934
7 43 453.337565
7 44 452.943094
7 45 452.612017
7 46 452.345604
7 47 452.144883
7 48 452.010634
7 49 451.943379
7 50 451.943383
7 51 452.010645
7 52 452.144901
7 53 452.345630
7 54 452.612050
7 55 452.943134
7 56 453.337613
7 57 453.793990
7 58 454.310554
7 59 454.885394
7 60 455.516421
7 61 456.201382
7 62 456.937889
7 63 457.723433
7 64 458.555416
7 65 459.431168
7 66 460.347976
7 67 461.303105
7 68 462.293825
7 69 463.317426
7 70 464.371246
7 71 465.452685
7 72 466.559223
7 73 467.688436
7 74 468.838005
7 75 470.005731
7 76 471.189539
7 77 472.387488
7 78 473.597769
7 79 474.818716
7 80 476.048796
7 81 477.286616
7 82 478.530920
7 83 479.780578
7 84 481.034592
7 85 482.292082
7 86 483.552285
7 87 484.814547
7 88 486.078315
7 89 487.343131
7 90 488.608622
7 91 489.874497
7 92 491.140534
7 93 492.406575
7 94 493.672516
7 95 494.938303
7 96 496.203918
7 97 497.469378
7 98 498.734720
7 99 500.000000
8 0 500.000000
8 1 498.554063
8 2 497.108033
8 3 495.661826
8 4 494.215375
8 5 492.768640
8 6 491.321617
8 7 489.874348
8 8 488.426927
8 9 486.979512
8 10 485.532335
8 11 484.085708
8 12 482.640032
8 13 481.195812
8 14 479.753659
8 15 478.314300
8 16 476.878590
8 17 475.447518
8 18 474.022211
8 19 472.603946
8 20 471.194152
8 21 469.794414
8 22 468.406482
8 23 467.032263
8 24 465.673830
8 25 464.333415
8 26 463.013407
8 27 461.716342
8 28 460.444900
8 29 459.201886
8 30 457.990221
8 31 456.812924
8 32 455.673089
8 33 454.573870
8 34 453.518447
8 35 452.510010
8 36 451.551724
8 37 450.646707
8 38 449.797996
8 39 449.008519
8 40 448.281073
8 41 447.618288
8 42 447.022608
8 43 446.496267
8 44 446.041265
8 45 445.659350
8 46 445.352006
8 47 445.120433
8 48 444.965543
8 49 444.887947
8 50 444.887951
8 51 444.965555
8 52 445.120454
8 53 445.352035
8 54 445.659387
8 55 446.041310
8 56 446.496321
8 57 447.022671
8 58 447.618359
8 59 448.281153
8 60 449.008609
8 61 449.798094
8 62 450.646815
8 63 451.551842
8 64 452.510136
8 65 453.518583
8 66 454.574015
8 67 455.673244
8 68 456.813087
8 69 457.990393
8 70 459.202066
8 71 460.445089
8 72 461.716539
8 73 463.013611
8 74 464.333626
8 75 465.674047
8 76 467.032486
8 77 468.406709
8 78 469.794646
8 79 471.194386
8 80 472.604182
8 81 474.022448
8 82 475.447755
8 83 476.878825
8 84 478.314532
8 85 479.753886
8 86 481.196034
8 87 482.640247
8 88 484.085913
8 89 485.532530
8 90 486.979695
8 91 488.427096
8 92 489.874502
8 93 491.321754
8 94 492.768758
8 95 494.215472
8 96 495.661902
8 97 497.108085
8 98 498.554090
8 99 500.000000
9 0 500.000000
9 1 498.373524
9 2 496.746915
9 3 495.120050
9 4 493.492824
9 5 491.865164
9 6 490.237037
9 7 488.608461
9 8 486.979512
9 9 485.350341
9 10 483.721179
9 11 482.092347
9 12 480.464271
9 13 478.837489
9 14 477.212663
9 15 475.590586
9 16 473.972197
9 17 472.358584
9 18 470.750999
9 19 469.150861
9 20 467.559765
9 21 465.979488
9 22 464.411992
9 23 462.859427
9 24 461.324134
9 25 459.808637
9 26 458.315646
9 27 456.848045
9 28 455.408885
9 29 454.001368
9 30 452.628834
9 31 451.294737
9 32 450.002629
9 33 448.756129
9 34 447.558895
9 35 446.414598
9 36 445.326886
9 37 444.299350
9 38 443.335496
9 39 442.438703
9 40 441.612196
9 41 440.859015
9 42 440.181979
9 43 439.583665
9 44 439.066382
9 45 438.632148
9 46 438.282670
9 47 438.019336
9 48 437.843194
9 49 437.754948
9 50 437.754952
9 51 437.843207
9 52 438.019359
9 53 438.282702
9 54 438.632189
9 55 439.066433
9 56 439.583725
9 57 440.182048
9 58 440.859094
9 59 441.612285
9 60 442.438802
9 61 443.335605
9 62 444.299470
9 63 445.327015
9 64 446.414738
9 65 447.559045
9 66 448.756289
9 67 450.002800
9 68 451.294918
9 69 452.629024
9 70 454.001568
9 71 455.409095
9 72 456.848264
9 73 458.315873
9 74 459.808871
9 75 461.324375
9 76 462.859675
9 77 464.412245
9 78 465.979745
9 79 467.560026
9 80 469.151124
9 81 470.751263
9 82 472.358848
9 83 473.972458
9 84 475.590844
9 85 477.212916
9 86 478.837736
9 87 480.464510
9 88 482.092576
9 89 483.721396
9 90 485.350545
9 91 486.979701
9 92 488.608632
9 93 490.237190
9 94 491.865296
9 95 493.492933
9 96 495.120134
9 97 496.746973
9 98 498.373554
9 99 500.000000
10 0 500.000000
10 1 498.193121
10 2 496.386058
10 3 494.578640
10 4 492.770715
10 5 490.962165
10 6 489.152919
10 7 487.342958
10 8 485.532335
10 9 483.721179
10 10 481.909709
10 11 480.098249
10 12 478.287236
10 13 476.477232
10 14 474.668940
10 15 472.863210
10 16 471.061052
10 17 469.263650
10 18 467.472368
10 19 465.688763
10 20 463.914590
10 21 462.151811
10 22 460.402602
10 23 458.669353
10 24 456.954673
10 25 455.261387
10 26 453.592529
10 27 451.951343
10 28 450.341263
10 29 448.765904
10 30 447.229044
10 31 445.734599
10 32 444.286599
10 33 442.889158
10 34 441.546444
10 35 440.262640
10 36 439.041908
10 37 437.888350
10 38 436.805972
10 39 435.798637
10 40 434.870033
10 41 434.023634
10 42 433.262665
10 43 432.590071
10 44 432.008490
10 45 431.520226
10 46 431.127230
10 47 430.831084
10 48 430.632985
10 49 430.533737
10 50 430.533742
10 51 430.633000
10 52 430.831109
10 53 431.127265
10 54 431.520270
10 55 432.008544
10 56 432.590136
10 57 433.262740
10 58 434.023720
10 59 434.870130
10 60 435.798745
10 61 436.806091
10 62 437.888480
10 63 439.042049
10 64 440.262792
10 65 441.546608
10 66 442.889333
10 67 444.286785
10 68 445.734796
10 69 447.229253
10 70 448.766123
10 71 450.341492
10 72 451.951582
10 73 453.592777
10 74 455.261643
10 75 456.954938
10 76 458.669625
10 77 460.402879
10 78 462.152093
10 79 463.914876
10 80 465.689052
10 81 467.472658
10 82 469.263939
10 83 471.061340
10 84 472.863494
10 85 474.669219
10 86 476.477504
10 87 478.287498
10 88 480.098500
10 89 481.909948
10 90 483.721403
10 91 485.532543
10 92 487.343147
10 93 489.153086
10 94 490.962310
10 95 492.770834
10 96 494.578733
10 97 496.386122
10 98 498.193154
10 99 500.000000
11 0 500.000000
11 1 498.012903
11 2 496.025562
11 3 494.037744
11 4 492.049238
11 5 490.059874
11 6 488.069526
11 7 486.078134
11 8 484.085708
11 9 482.092347
11 10 480.098249
11 11 478.103725
11 12 476.109213
11 13 474.115289
11 14 472.122682
11 15 470.132288
11 16 468.145180
11 17 466.162625
11 18 464.186092
11 19 462.217265
11 20 460.258053
11 21 458.310599
11 22 456.377287
11 23 454.460747
11 24 452.563857
11 25 450.689744
11 26 448.841780
11 27 447.023572
11 28 445.238958
11 29 443.491981
11 30 441.786880
11 31 440.128056
11 32 438.520049
11 33 436.967502
11 34 435.475124
11 35 434.047650
11 36 432.689795
11 37 431.406213
11 38 430.201446
11 39 429.079881
11 40 428.045706
11 41 427.102864
11 42 426.255017
11 43 425.505505
11 44 424.857321
11 45 424.313076
11 46 423.874982
11 47 423.544827
11 48 423.323968
11 49 423.213313
11 50 423.213318
11 51 423.323984
11 52 423.544854
11 53 423.875019
11 54 424.313124
11 55 424.857380
11 56 425.505575
11 57 426.255098
11 58 427.102957
11 59 428.045810
11 60 429.079997
11 61 430.201573
11 62 431.406353
11 63 432.689947
11 64 434.047814
11 65 435.475300
11 66 436.967690
11 67 438.520250
11 68 440.128269
11 69 441.787105
11 70 443.492218
11 71 445.239205
11 72 447.023831
11 73 448.842048
11 74 450.690022
11 75 452.564143
11 76 454.461041
11 77 456.377587
11 78 458.310905
11 79 460.258363
11 80 462.217578
11 81 464.186406
11 82 466.162939
11 83 468.145492
11 84 470.132596
11 85 472.122985
11 86 474.115584
11 87 476.109498
11 88 478.103999
11 89 480.098509
11 90 482.092590
11 91 484.085933
11 92 486.078339
11 93 488.069709
11 94 490.060031
11 95 492.049369
11 96 494.037845
11 97 496.025632
11 98 498.012939
11 99 500.000000
12 0 500.000000
12 1 497.832934
12 2 495.665550
12 3 493.497542
12 4 491.328631
12 5 489.158577
12 6 486.987193
12 7 484.814358
12 8 482.640032
12 9 480.464271
12 10 478.287236
12 11 476.109213
12 12 473.930627
12 13 471.752054
12 14 469.574239
12 15 467.398108
12 16 465.224787
12 17 463.055611
12 18 460.892143
12 19 458.736186
12 20 456.589793
12 21 454.455281
12 22 452.335237
12 23 450.232528
12 24 448.150302
12 25 446.091993
12 26 444.061313
12 27 442.062251
12 28 440.099056
12 29 438.176226
12 30 436.298480
12 31 434.470738
12 32 432.698082
12 33 430.985720
12 34 429.338944
12 35 427.763084
12 36 426.263455
12 37 424.845304
12 38 423.513762
12 39 422.273781
12 40 421.130091
12 41 420.087145
12 42 419.149077
12 43 418.319657
12 44 417.602257
12 45 416.999821
12 46 416.514837
12 47 416.149320
12 48 415.904791
12 49 415.782274
12 50 415.782279
12 51 415.904808
12 52 416.149347
12 53 416.514876
12 54 416.999871
12 55 417.602319
12 56 418.319731
12 57 419.149163
12 58 420.087243
12 59 421.130201
12 60 422.273903
12 61 423.513897
12 62 424.845453
12 63 426.263616
12 64 427.763259
12 65 429.339132
12 66 430.985921
12 67 432.698296
12 68 434.470966
12 69 436.298721
12 70 438.176479
12 71 440.099321
12 72 442.062527
12 73 444.061601
12 74 446.092291
12 75 448.150609
12 76 450.232843
12 77 452.335560
12 78 454.455610
12 79 456.590127
12 80 458.736523
12 81 460.892481
12 82 463.055949
12 83 465.225122
12 84 467.398440
12 85 469.574565
12 86 471.752372
12 87 473.930934
12 88 476.109508
12 89 478.287515
12 90 480.464533
12 91 482.640275
12 92 484.814579
12 93 486.987389
12 94 489.158746
12 95 491.328771
12 96 493.497650
12 97 495.665624
12 98 497.832972
12 99 500.000000
13 0 500.000000
13 1 497.653285
13 2 495.306166
13 3 492.958251
13 4 490.609176
13 5 488.258622
13 6 485.906324
13 7 483.552089
13 8 481.195812
13 9 478.837489
13 10 476.477232
13 11 474.115289
13 12 471.752054
13 13 469.388090
13 14 467.024141
13 15 464.661151
13 16 462.300280
13 17 459.942922
13 18 457.590720
13 19 455.245580
13 20 452.909691
13 21 450.585534
13 22 448.275893
13 23 445.983867
13 24 443.712874
13 25 441.466655
13 26 439.249273
13 27 437.065106
13 28 434.918835
13 29 432.815430
13 30 430.760124
13 31 428.758381
13 32 426.815867
13 33 424.938397
13 34 423.131895
13 35 421.402335
13 36 419.755682
13 37 418.197836
13 38 416.734562
13 39 415.371436
13 40 414.113778
13 41 412.966596
13 42 411.934536
13 43 411.021835
13 44 410.232276
13 45 409.569160
13 46 409.035274
13 47 408.632869
13 48 408.363651
13 49 408.228758
13 50 408.228764
13 51 408.363668
13 52 408.632899
13 53 409.035315
13 54 409.569213
13 55 410.232342
13 56 411.021913
13 57 411.934627
13 58 412.966699
13 59 414.113894
13 60 415.371566
13 61 416.734705
13 62 418.197992
13 63 419.755853
13 64 421.402519
13 65 423.132094
13 66 424.938610
13 67 426.816094
13 68 428.758622
13 69 430.760378
13 70 432.815698
13 71 434.919116
13 72 437.065399
13 73 439.249578
13 74 441.466971
13 75 443.713200
13 76 445.984202
13 77 448.276236
13 78 450.585884
13 79 452.910047
13 80 455.245939
13 81 457.591080
13 82 459.943282
13 83 462.300639
13 84 464.661505
13 85 467.024489
13 86 469.388430
13 87 471.752383
13 88 474.115604
13 89 476.477532
13 90 478.837770
13 91 481.196072
13 92 483.552326
13 93 485.906534
13 94 488.258804
13 95 490.609327
13 96 492.958367
13 97 495.306246
13 98 497.653326
13 99 500.000000
14 0 500.000000
14 1 497.474045
14 2 494.947584
14 3 492.420128
14 4 489.891213
14 5 487.360425
14 6 484.827407
14 7 482.291881
14 8 479.753659
14 9 477.212663
14 10 474.668940
14 11 472.122682
14 12 469.574239
14 13 467.024141
14 14 464.473116
14 15 461.922108
14 16 459.372296
14 17 456.825115
14 18 454.282271
14 19 451.745763
14 20 449.217899
14 21 446.701313
14 22 444.198977
14 23 441.714216
14 24 439.250715
14 25 436.812525
14 26 434.404064
14 27 432.030110
14 28 429.695796
14 29 427.406584
14 30 425.168251
14 31 422.986845
14 32 420.868656
14 33 418.820156
14 34 416.847955
14 35 414.958727
14 36 413.159153
14 37 411.455843
14 38 409.855266
14 39 408.363674
14 40 406.987038
14 41 405.730974
14 42 404.600688
14 43 403.600920
14 44 402.735903
14 45 402.009320
14 46 401.424277
14 47 400.983284
14 48 400.688233
14 49 400.540393
14 50 400.540399
14 51 400.688251
14 52 400.983314
14 53 401.424320
14 54 402.009375
14 55 402.735971
14 56 403.601001
14 57 404.600781
14 58 405.731081
14 59 406.987159
14 60 408.363809
14 61 409.855415
14 62 411.456007
14 63 413.159331
14 64 414.958920
14 65 416.848163
14 66 418.820379
14 67 420.868894
14 68 422.987098
14 69 425.168518
14 70 427.406866
14 71 429.696092
14 72 432.030420
14 73 434.404386
14 74 436.812859
14 75 439.251060
14 76 441.714571
14 77 444.199340
14 78 446.701683
14 79 449.218275
14 80 451.746142
14 81 454.282652
14 82 456.825496
14 83 459.372676
14 84 461.922484
14 85 464.473485
14 86 467.024501
14 87 469.574587
14 88 472.123016
14 89 474.669258
14 90 477.212961
14 91 479.753935
14 92 482.292132
14 93 484.827630
14 94 487.360618
14 95 489.891373
14 96 492.420251
14 97 494.947669
14 98 497.474088
14 99 500.000000
15 0 500.000000
15 1 497.295313
15 2 494.590006
15 3 491.883471
15 4 489.175135
15 5 486.464471
15 6 483.751015
15 7 481.034387
15 8 478.314300
15 9 475.590586
15 10 472.863210
15 11 470.132288
15 12 467.398108
15 13 464.661151
15 14 461.922108
15 15 459.181905
15 16 456.441720
15 17 453.703009
15 18 450.967525
15 19 448.237342
15 20 445.514872
15 21 442.802885
15 22 440.104531
15 23 437.423352
15 24 434.763293
15 25 432.128716
15 26 429.524396
15 27 426.955526
15 28 424.427702
15 29 421.946911
15 30 419.519500
15 31 417.152145
15 32 414.851806
15 33 412.625670
15 34 410.481091
15 35 408.425518
15 36 406.466412
15 37 404.611170
15 38 402.867035
15 39 401.241009
15 40 399.739778
15 41 398.369626
15 42 397.136372
15 43 396.045308
15 44 395.101148
15 45 394.307990
15 46 393.669283
15 47 393.187807
15 48 392.865657
15 49 392.704234
15 50 392.704240
15 51 392.865676
15 52 393.187838
15 53 393.669327
15 54 394.308047
15 55 395.101218
15 56 396.045391
15 57 397.136469
15 58 398.369736
15 59 399.739903
15 60 401.241149
15 61 402.867189
15 62 404.611340
15 63 406.466597
15 64 408.425718
15 65 410.481308
15 66 412.625902
15 67 414.852054
15 68 417.152409
15 69 419.519779
15 70 421.947206
15 71 424.428012
15 72 426.955850
15 73 429.524733
15 74 432.129066
15 75 434.763655
15 76 437.423724
15 77 440.104912
15 78 442.803274
15 79 445.515267
15 80 448.237742
15 81 450.967927
15 82 453.703410
15 83 456.442119
15 84 459.182300
15 85 461.922497
15 86 464.661531
15 87 467.398476
15 88 470.132640
15 89 472.863545
15 90 475.590901
15 91 478.314591
15 92 481.034652
15 93 483.751251
15 94 486.464675
15 95 489.175304
15 96 491.883602
15 97 494.590095
15 98 497.295359
15 99 500.000000
16 0 500.000000
16 1 497.117206
16 2 494.233660
16 3 491.348625
16 4 488.461398
16 5 485.571323
16 6 482.677815
16 7 479.780370
16 8 476.878590
16 9 473.972197
16 10 471.061052
16 11 468.145180
16 12 465.224787
16 13 462.300280
16 14 459.372296
16 15 456.441720
16 16 453.509707
16 17 450.577716
16 18 447.647523
16 19 444.721254
16 20 441.801406
16 21 438.890871
16 22 435.992959
16 23 433.111415
16 24 430.250440
16 25 427.414698
16 26 424.609330
16 27 421.839947
16 28 419.112630
16 29 416.433910
16 30 413.810746
16 31 411.250483
16 32 408.760806
16 33 406.349680
16 34 404.025277
16 35 401.795895
16 36 399.669862
16 37 397.655446
16 38 395.760748
16 39 393.993605
16 40 392.361493
16 41 390.871434
16 42 389.529920
16 43 388.342845
16 44 387.315446
16 45 386.452264
16 46 385.757113
16 47 385.233058
16 48 384.882407
16 49 384.706700
16 50 384.706706
16 51 384.882426
16 52 385.233090
16 53 385.757157
16 54 386.452322
16 55 387.315517
16 56 388.342930
16 57 389.530019
16 58 390.871547
16 59 392.361621
16 60 393.993749
16 61 395.760907
16 62 397.655620
16 63 399.670053
16 64 401.796102
16 65 404.025501
16 66 406.349920
16 67 408.761063
16 68 411.250756
16 69 413.811036
16 70 416.434216
16 71 419.112951
16 72 421.840283
16 73 424.609681
16 74 427.415063
16 75 430.250817
16 76 433.111803
16 77 435.993357
16 78 438.891277
16 79 441.801818
16 80 444.721671
16 81 447.647943
16 82 450.578136
16 83 453.510126
16 84 456.442134
16 85 459.372704
16 86 462.300678
16 87 465.225172
16 88 468.145550
16 89 471.061404
16 90 473.972527
16 91 476.878896
16 92 479.780649
16 93 482.678062
16 94 485.571537
16 95 488.461575
16 96 491.348763
16 97 494.233755
16 98 497.117255
16 99 500.000000
17 0 500.000000
17 1 496.939856
17 2 493.878811
17 3 490.815983
17 4 487.750520
17 5 484.681624
17 6 481.608568
17 7 478.530710
17 8 475.447518
17 9 472.358584
17 10 469.263650
17 11 466.162625
17 12 463.055611
17 13 459.942922
17 14 456.825115
17 15 453.703009
17 16 450.577716
17 17 447.450667
17 18 444.323640
17 19 441.198789
17 20 438.078673
17 21 434.966283
17 22 431.865067
17 23 428.778961
17 24 425.712404
17 25 422.670361
17 26 419.658331
17 27 416.682355
17 28 413.749013
17 29 410.865410
17 30 408.039147
17 31 405.278290
17 32 402.591311
17 33 399.987023
17 34 397.474500
17 35 395.062978
17 36 392.761752
17 37 390.580059
17 38 388.526962
17 39 386.611227
17 40 384.841210
17 41 383.224752
17 42 381.769086
17 43 380.480762
17 44 379.365582
17 45 378.428562
17 46 377.673900
17 47 377.104962
17 48 376.724270
17 49 376.533507
17 50 376.533513
17 51 376.724289
17 52 377.104994
17 53 377.673946
17 54 378.428621
17 55 379.365655
17 56 380.480848
17 57 381.769187
17 58 383.224868
17 59 384.841341
17 60 386.611374
17 61 388.527125
17 62 390.580238
17 63 392.761947
17 64 395.063190
17 65 397.474729
17 66 399.987270
17 67 402.591575
17 68 405.278572
17 69 408.039446
17 70 410.865725
17 71 413.749346
17 72 416.682703
17 73 419.658694
17 74 422.670739
17 75 425.712795
17 76 428.779364
17 77 431.865480
17 78 434.966705
17 79 438.079103
17 80 441.199224
17 81 444.324077
17 82 447.451105
17 83 450.578152
17 84 453.703441
17 85 456.825540
17 86 459.943337
17 87 463.056013
17 88 466.163012
17 89 469.264017
17 90 472.358929
17 91 475.447837
17 92 478.531001
17 93 481.608827
17 94 484.681848
17 95 487.750705
17 96 490.816126
17 97 493.878910
17 98 496.939906
17 99 500.000000
18 0 500.000000
18 1 496.763410
18 2 493.525754
18 3 490.285985
18 4 487.043088
18 5 483.796103
18 6 480.544142
18 7 477.286407
18 8 474.022211
18 9 470.750999
18 10 467.472368
18 11 464.186092
18 12 460.892143
18 13 457.590720
18 14 454.282271
18 15 450.967525
18 16 447.647523
18 17 444.323640
18 18 440.997627
18 19 437.671638
18 20 434.348265
18 21 431.030570
18 22 427.722118
18 23 424.427010
18 24 421.149909
18 25 417.896065
18 26 414.671333
18 27 411.482186
18 28 408.335716
18 29 405.239625
18 30 402.202200
18 31 399.232277
18 32 396.339182
18 33 393.532660
18 34 390.822779
18 35 388.219823
18 36 385.734165
18 37 383.376135
18 38 381.155873
18 39 379.083189
18 40 377.167426
18 41 375.417335
18 42 373.840969
18 43 372.445591
18 44 371.237615
18 45 370.222560
18 46 369.405023
18 47 368.788675
18 48 368.376260
18 49 368.169602
18 50 368.169608
18 51 368.376280
18 52 368.788708
18 53 369.405068
18 54 370.222619
18 55 371.237689
18 56 372.445679
18 57 373.841071
18 58 375.417452
18 59 377.167558
18 60 379.083337
18 61 381.156038
18 62 383.376317
18 63 385.734364
18 64 388.220039
18 65 390.823013
18 66 393.532912
18 67 396.339452
18 68 399.232565
18 69 402.202506
18 70 405.239949
18 71 408.336057
18 72 411.482544
18 73 414.671707
18 74 417.896454
18 75 421.150312
18 76 424.427426
18 77 427.722545
18 78 431.031006
18 79 434.348709
18 80 437.672088
18 81 440.998080
18 82 444.324094
18 83 447.647975
18 84 450.967974
18 85 454.282712
18 86 457.591151
18 87 460.892561
18 88 464.186494
18 89 467.472750
18 90 470.751358
18 91 474.022544
18 92 477.286710
18 93 480.544411
18 94 483.796336
18 95 487.043281
18 96 490.286134
18 97 493.525857
18 98 496.763463
18 99 500.000000
19 0 500.000000
19 1 496.588033
19 2 493.174819
19 3 489.759125
19 4 486.339758
19 5 482.915575
19 6 479.485509
19 7 476.048587
19 8 472.603946
19 9 469.150861
19 10 465.688763
19 11 462.217265
19 12 458.736186
19 13 455.245580
19 14 451.745763
19 15 448.237342
19 16 444.721254
19 17 441.198789
19 18 437.671638
19 19 434.141921
19 20 430.612230
19 21 427.085665
19 22 423.565878
19 23 420.057107
19 24 416.564213
19 25 413.092712
19 26 409.648806
19 27 406.239397
19 28 402.872098
19 29 399.555232
19 30 396.297810
19 31 393.109494
19 32 390.000540
19 33 386.981715
19 34 384.064193
19 35 381.259428
19 36 378.579011
19 37 376.034503
19 38 373.637265
19 39 371.398289
19 40 369.328029
19 41 367.436254
19 42 365.731921
19 43 364.223077
19 44 362.916787
19 45 361.819096
19 46 360.935013
19 47 360.268513
19 48 359.822553
19 49 359.599089
19 50 359.599096
19 51 359.822573
19 52 360.268546
19 53 360.935059
19 54 361.819156
19 55 362.916861
19 56 364.223165
19 57 365.732024
19 58 367.436371
19 59 369.328162
19 60 371.398438
19 61 373.637431
19 62 376.034686
19 63 378.579212
19 64 381.259647
19 65 384.064430
19 66 386.981971
19 67 390.000815
19 68 393.109788
19 69 396.298122
19 70 399.555563
19 71 402.872447
19 72 406.239764
19 73 409.649190
19 74 413.093112
19 75 416.564627
19 76 420.057535
19 77 423.566318
19 78 427.086115
19 79 430.612688
19 80 434.142385
19 81 437.672106
19 82 441.199259
19 83 444.721721
19 84 448.237806
19 85 451.746219
19 86 455.246026
19 87 458.736619
19 88 462.217681
19 89 465.689159
19 90 469.151233
19 91 472.604291
19 92 476.048901
19 93 479.485789
19 94 482.915816
19 95 486.339958
19 96 489.759280
19 97 493.174925
19 98 496.588088
19 99 500.000000
20 0 500.000000
20 1 496.413909
20 2 492.826370
20 3 489.235951
20 4 485.641257
20 5 482.040947
20 6 478.433754
20 7 474.818508
20 8 471.194152
20 9 467.559765
20 10 463.914590
20 11 460.258053
20 12 456.589793
20 13 452.909691
20 14 449.217899
20 15 445.514872
20 16 441.801406
20 17 438.078673
20 18 434.348265
20 19 430.612230
20 20 426.873120
20 21 423.134037
20 22 419.398678
20 23 415.671383
20 24 411.957179
20 25 408.261824
20 26 404.591842
20 27 400.954557
20 28 397.358107
20 29 393.811455
20 30 390.324374
20 31 386.907411
20 32 383.571831
20 33 380.329528
20 34 377.192909
20 35 374.174748
20 36 371.288010
20 37 368.545660
20 38 365.960456
20 39 363.544732
20 40 361.310206
20 41 359.267790
20 42 357.427445
20 43 355.798069
20 44 354.387419
20 45 353.202085
20 46 352.247480
20 47 351.527871
20 48 351.046408
20 49 350.805166
20 50 350.805172
20 51 351.046427
20 52 351.527903
20 53 352.247526
20 54 353.202144
20 55 354.387492
20 56 355.798156
20 57 357.427547
20 58 359.267907
20 59 361.310339
20 60 363.544882
20 61 365.960622
20 62 368.545844
20 63 371.288212
20 64 374.174968
20 65 377.193149
20 66 380.329787
20 67 383.572109
20 68 386.907709
20 69 390.324691
20 70 393.811792
20 71 397.358463
20 72 400.954931
20 73 404.592234
20 74 408.262232
20 75 411.957603
20 76 415.671821
20 77 419.399129
20 78 423.134498
20 79 426.873590
20 80 430.612706
20 81 434.348746
20 82 438.079156
20 83 441.801887
20 84 445.515349
20 85 449.218369
20 86 452.910151
20 87 456.590240
20 88 460.258482
20 89 463.914998
20 90 467.560149
20 91 471.194507
20 92 474.818832
20 93 478.434043
20 94 482.041196
20 95 485.641464
20 96 489.236112
20 97 492.826481
20 98 496.413966
20 99 500.000000
21 0 500.000000
21 1 496.241239
21 2 492.480810
21 3 488.717065
21 4 484.948387
21 5 481.173219
21 6 477.390075
21 7 473.597565
21 8 469.794414
21 9 465.979488
21 10 462.151811
21 11 458.310599
21 12 454.455281
21 13 450.585534
21 14 446.701313
21 15 442.802885
21 16 438.890871
21 17 434.966283
21 18 431.030570
21 19 427.085665
21 20 423.134037
21 21 419.178739
21 22 415.223471
21 23 411.272626
21 24 407.331356
21 25 403.405622
21 26 399.502242
21 27 395.628941
21 28 391.794379
21 29 388.008170
21 30 384.280881
21 31 380.624006
21 32 377.049906
21 33 373.571718
21 34 370.203230
21 35 366.958705
21 36 363.852681
21 37 360.899735
21 38 358.114226
21 39 355.510040
21 40 353.100333
21 41 350.897314
21 42 348.912061
21 43 347.154393
21 44 345.632796
21 45 344.354402
21 46 343.325011
21 47 342.549141
21 48 342.030102
21 49 341.770052
21 50 341.770058
21 51 342.030121
21 52 342.549173
21 53 343.325055
21 54 344.354460
21 55 345.632868
21 56 347.154479
21 57 348.912162
21 58 350.897430
21 59 353.100465
21 60 355.510188
21 61 358.114392
21 62 360.899918
21 63 363.852883
21 64 366.958926
21 65 370.203471
21 66 373.571979
21 67 377.050186
21 68 380.624307
21 69 384.281202
21 70 388.008511
21 71 391.794740
21 72 395.629321
21 73 399.502640
21 74 403.406037
21 75 407.331788
21 76 411.273073
21 77 415.223931
21 78 419.179211
21 79 423.134518
21 80 427.086153
21 81 431.031062
21 82 434.966777
21 83 438.891365
21 84 442.803375
21 85 446.701796
21 86 450.586007
21 87 454.455740
21 88 458.311040
21 89 462.152231
21 90 465.979883
21 91 469.794781
21 92 473.597898
21 93 477.390372
21 94 481.173476
21 95 484.948600
21 96 488.717230
21 97 492.480924
21 98 496.241297
21 99 500.000000
22 0 500.000000
22 1 496.070240
22 2 492.138577
22 3 488.203121
22 4 484.262023
22 5 480.313485
22 6 476.355782
22 7 472.387286
22 8 468.406482
22 9 464.411992
22 10 460.402602
22 11 456.377287
22 12 452.335237
22 13 448.275893
22 14 444.198977
22 15 440.104531
22 16 435.992959
22 17 431.865067
22 18 427.722118
22 19 423.565878
22 20 419.398678
22 21 415.223471
22 22 411.043897
22 23 406.864353
22 24 402.690058
22 25 398.527125
22 26 394.382625
22 27 390.264649
22 28 386.182360
22 29 382.146027
22 30 378.167039
22 31 374.257889
22 32 370.432130
22 33 366.704273
22 34 363.089651
22 35 359.604224
22 36 356.264337
22 37 353.086433
22 38 350.086736
22 39 347.280929
22 40 344.683834
22 41 342.309133
22 42 340.169152
22 43 338.274707
22 44 336.635030
22 45 335.257777
22 46 334.149078
22 47 333.313642
22 48 332.754865
22 49 332.474942
22 50 332.474948
22 51 332.754883
22 52 333.313673
22 53 334.149122
22 54 335.257834
22 55 336.635101
22 56 338.274791
22 57 340.169251
22 58 342.309247
22 59 344.683964
22 60 347.281076
22 61 350.086901
22 62 353.086615
22 63 356.264538
22 64 359.604445
22 65 363.089891
22 66 366.704533
22 67 370.432411
22 68 374.258191
22 69 378.167361
22 70 382.146371
22 71 386.182724
22 72 390.265033
22 73 394.383028
22 74 398.527546
22 75 402.690497
22 76 406.864807
22 77 411.044365
22 78 415.223951
22 79 419.399168
22 80 423.566376
22 81 427.722621
22 82 431.865573
22 83 435.993464
22 84 440.105033
22 85 444.199471
22 86 448.276377
22 87 452.335707
22 88 456.377739
22 89 460.403033
22 90 464.412397
22 91 468.406857
22 92 472.387629
22 93 476.356088
22 94 480.313749
22 95 484.262242
22 96 488.203291
22 97 492.138693
22 98 496.070300
22 99 500.000000
23 0 500.000000
23 1 495.901151
23 2 491.800143
23 3 487.694834
23 4 483.583116
23 5 479.462934
23 6 475.332306
23 7 471.189342
23 8 467.032263
23 9 462.859427
23 10 458.669353
23 11 454.460747
23 12 450.232528
23 13 445.983867
23 14 441.714216
23 15 437.423352
23 16 433.111415
23 17 428.778961
23 18 424.427010
23 19 420.057107
23 20 415.671383
23 21 411.272626
23 22 406.864353
23 23 402.450891
23 24 398.037460
23 25 393.630257
23 26 389.236545
23 27 384.864733
23 28 380.524449
23 29 376.226603
23 30 371.983420
23 31 367.808447
23 32 363.716516
23 33 359.723656
23 34 355.846940
23 35 352.104267
23 36 348.514074
23 37 345.094985
23 38 341.865419
23 39 338.843169
23 40 336.045000
23 41 333.486293
23 42 331.180769
23 43 329.140311
23 44 327.374901
23 45 325.892657
23 46 324.699943
23 47 323.801542
23 48 323.200833
23 49 322.899962
23 50 322.899968
23 51 323.200851
23 52 323.801572
23 53 324.699985
23 54 325.892712
23 55 327.374970
23 56 329.140393
23 57 331.180866
23 58 333.486405
23 59 336.045127
23 60 338.843313
23 61 341.865580
23 62 345.095165
23 63 348.514272
23 64 352.104485
23 65 355.847178
23 66 359.723915
23 67 363.716796
23 68 367.808748
23 69 371.983743
23 70 376.226948
23 71 380.524815
23 72 384.865120
23 73 389.236952
23 74 393.630683
23 75 398.037903
23 76 402.451351
23 77 406.864828
23 78 411.273114
23 79 415.671882
23 80 420.057614
23 81 424.427522
23 82 428.779476
23 83 433.111930
23 84 437.423863
23 85 441.714721
23 86 445.984361
23 87 450.233008
23 88 454.461209
23 89 458.669794
23 90 462.859842
23 91 467.032647
23 92 471.189692
23 93 475.332619
23 94 479.463204
23 95 483.583340
23 96 487.695007
23 97 491.800262
23 98 495.901212
23 99 500.000000
24 0 500.000000
24 1 495.734225
24 2 491.466019
24 3 487.192968
24 4 482.912688
24 5 478.622849
24 6 474.321190
24 7 470.005538
24 8 465.673830
24 9 461.324134
24 10 456.954673
24 11 452.563857
24 12 448.150302
24 13 443.712874
24 14 439.250715
24 15 434.763293
24 16 430.250440
24 17 425.712404
24 18 421.149909
24 19 416.564213
24 20 411.957179
24 21 407.331356
24 22 402.690058
24 23 398.037460
24 24 393.378694
24 25 388.719961
